1000
1051507744
96596002
1907415413
1314689541
598352617
1118670428
2081321207
909475288
129697244
848987820
131358645
1236244538
36648672
432564721
696995006
1520056332
449652409
515321623
1142731400
2119347147
1110791347
722236397
417545720
1766843224
331022955
1100718493
1009703254
1286351329
1164461809
69945340
184553459
68485905
166541342
2091968872
1383175446
764893960
1063155652
1317013005
1674369248
1192852897
18517177
1805727893
281613787
55165849
90808966
978608793
1575222181
540461376
1493930416
570469934
512324875
457238115
1292706331
929870595
76597691
1623729287
2030589089
1086300946
762596968
1047567250
1156246286
947150427
1116053155
1322787629
891635651
351744953
2087681589
1954791303
1668757959
1614567189
1000160552
1687275136
1272811434
1281774339
1742440986
1363620401
112899484
1170179519
1904081777
1606829900
1740649453
268923004
2064068016
885872137
1198793600
2140665707
362117776
1081899041
1079483005
1124714744
2129466291
88245644
2071865171
1098035798
1411033273
816017174
1449780751
1351231214
623324829
971055062
818314755
1623485382
510846551
2091126189
757776073
105803889
1307262942
870675558
1275983408
1063861071
330021810
869149214
1332784076
246606178
1755021351
384094028
239788238
2117139127
1465993069
1319271243
1094370223
1447975712
1407516887
1018751746
398527862
671066512
1834768920
1848308613
2022297726
310610101
671880028
693128833
1934095483
1182726579
636771375
544387909
1288530468
1944034317
1415063467
417030228
860411741
1745085277
1286179442
45712169
1991691456
893717145
429806197
83996046
863372624
1895799266
1403267289
1957742847
1196291330
663300529
829010945
1594819192
1334367041
516296217
1295644157
1209181120
826906319
1967524185
1902309953
613518154
1002767116
391597680
1157906063
143813936
188148350
425485882
560844165
1048560091
23087512
1847023607
1094272260
2014778968
593257105
1524078457
2098775014
1456629729
1272394075
1354558655
1266888929
321201757
2017859184
2095899874
1916020949
1204742578
464712444
1064181458
266440050
1291618763
884221996
21266355
1905136917
1886989112
412864036
915559333
2030803049
601012386
1341045215
444163566
1649572477
1364132727
143703525
596361089
1231428047
736960630
2120439546
1182719413
46106712
1245349973
389794421
1312995641
1566551730
260169957
1261411867
1335089031
1464912535
1726124311
251786841
1731352585
870259426
1136008837
1752618941
627912696
875514302
17999329
1543472029
758833703
619011715
737033596
1202997269
121100544
2101166324
1346700794
717461633
1185110723
2083661425
690417531
220346489
2129768137
1935767504
610140910
1295280130
1354835586
870310867
409208349
542440969
187739755
2135332661
794227810
1919092340
858108439
1930236648
1524227633
1486021135
658267302
1542226962
882009516
1417101005
13755029
1619043113
472614626
134855573
1572725789
1819315420
852317206
610352864
1755493197
1542734737
830699353
1737777686
1331018593
1440840263
885574168
538370531
163667483
1294782518
1080811500
351407238
1282631531
1875039311
123015930
2140739970
1657792311
1647243564
1479277458
168575965
1041986878
213803326
1585676970
1055741908
1832846439
2058291596
1190597481
1258088580
1730123368
2042914688
1868441445
1338132918
1438165777
551657150
928426956
621700723
1992497414
1814001125
1160071254
8681249
961299995
93399107
360088487
96447878
1968438418
483104417
89704200
1478747081
2130347981
1568981658
1647323046
1024851212
1782784985
1085516368
2080593120
1468147776
996324316
1123706953
578752709
578964036
1019137993
299710506
1917096954
309820123
851367656
698040263
931520846
696381422
364557740
2091592100
705062671
1325857735
37507559
1065151158
1422305613
2005945977
1548255576
1512009813
1337209410
1531119909
933507824
837048808
408487473
568809161
1922565176
341596945
2036956937
771405844
1465303899
468225998
1350369881
336958244
767936504
1119983187
646778367
1619304161
1818023450
1578299213
168201935
35097542
1522407666
873264607
1360955277
1559915225
1938415765
635777242
1418377555
1339187693
303408
608103317
722823955
933811232
1445152126
1131311428
1502620393
1220233654
1472908374
1392093682
1991639499
790728625
1860319681
1194525732
1127686869
480772537
167025271
1774465237
2100076698
1985048722
1205280802
120794986
2020146264
580204820
994059593
1233617894
2140120046
784991710
1869395136
1411013953
2124179404
1869698544
2019117270
699519711
656026128
1316785748
1830831139
11162873
389535755
1156255865
1403256556
233691606
1946984490
1116092589
1428217338
927187712
1596865126
1595242609
554169301
1549458177
1432807683
1759450103
1670253163
1305470300
192171276
516829108
391604546
184807674
1301820818
113516034
1595821627
1278516574
1983214579
1467455249
1978036285
491757059
636757350
1661383777
502919933
1026293105
670155994
1906176489
1259984711
469656837
874785430
540718401
1396844549
324166908
2135961010
1951013850
1873625085
1421285046
1562980305
1396394600
579271698
1755151581
1913223708
970876244
1939959255
1067560879
1084392278
1388297234
198593805
920123209
708268836
29146443
1411880269
1345026186
1690530220
1914800202
223835643
213202566
1673493043
1483820354
682859403
400794825
2024538755
2079703952
724961733
2013016117
1883234154
451103171
1286817515
1298730812
1847497771
1866089213
906398745
1613237832
689481809
698874353
533315063
1773874088
2087171587
731908868
546513649
647956775
761055311
1958393918
1992982961
304101883
1725710472
69334956
517304450
1251719867
1553155310
1200163853
1652514692
1430210417
1132384158
229992778
1295742887
868134664
681095949
435076754
19381828
381110072
153682320
925780574
1994347904
843164129
1624654927
380179319
469554569
1564342866
1112088188
1016068219
64815994
1873143499
826978489
2057798955
29761735
405205314
2127133912
547066185
1656925181
1532805574
1747230038
1161956226
815532344
732130548
1391949004
2111275231
1600265213
2073044953
398868337
1619647041
306671377
552550657
397943967
153535634
1395714787
2022598894
533714953
1865269356
1439458113
1645803141
733853927
1504274107
1371462993
1560832417
1414589414
1401224728
1966037731
1394239678
1948290913
1475479264
779561605
1548037303
489951842
1595093949
132684204
1881900846
1558885532
1732949417
1807462151
1957753869
1205112810
2114133529
362820879
1603056778
120185515
1758535666
1478172024
653900468
1476321374
770146489
152219962
62691654
126936948
1523682955
1623524071
1541526363
777424035
1442078154
788282393
578231300
770073770
1567843998
2126268603
1260025613
1015454299
111469159
994442811
426856183
1844418576
654421315
237126405
902047739
621071196
599947284
357620869
741256711
210999302
1835792893
1395157179
1687320676
458455735
1547377141
1750012330
585392683
923576448
1226052753
2126919046
1701000483
520647259
767717792
131748135
1290721030
188078142
110533091
403262995
1203532442
222002250
1397705806
1630388625
2066420827
2052127121
1867515030
820984918
525714669
319978666
1178605787
1266971380
530977968
866915032
514644912
70814997
1325370767
2062022053
1820827327
1910763451
838114854
899396433
1890198849
391631689
1420043692
510432993
523379825
563281074
698511136
633912916
966544069
1902043578
855915166
216766228
1384948555
774852345
121409701
1104979938
1595837263
647124371
1424958604
626959402
1914095751
1955936573
1493874435
281257015
2026751570
671761554
195795421
1700095249
435041357
1033910275
452008034
177756559
1425541964
1872051727
688189552
1948921789
287849153
1386700688
435351057
1254393223
1141260618
1291266224
1471159451
378725526
2066118569
1592569152
1483705464
1514472185
92209875
761180420
2141431587
2006305627
569633345
1487822374
140078994
448901267
12100281
335874415
1512869
447141638
1369784690
453520903
624898197
647843007
178088982
1313087750
449281148
465938136
552304790
884632206
1720331359
1693565409
28414782
1044007162
2072290935
2094533351
489092666
1408512751
1461521888
581302542
22209523
1455469828
440124521
591842869
795808554
580203515
1040744136
807908835
916077931
1042257005
1255050474
138378973
1495777909
1879948671
786221980
1673866891
1045552773
1235503129
2139805027
1597857564
2120135335
1712652738
1143939325
1066469
609176252
1068746612
2095599820
1098268919
329775715
1409638061
1679571461
351985238
717624241
2119695982
943828107
1513432795
552415849
1984572244
173857983
1468493780
879345601
1428908457
1606872754
227639862
1161373480
245611086
1901506754
59442606
1481114215
1893828133
1657300170
1453765902
1458997224
653755847
1454832371
2068173476
1722502459
1402948544
1018958747
2052278174
665102957
551046560
256779764
1382727198
523258894
1200607872
748676345
1075674744
1037696468
922534328
396684876
1917042069
203959137
2003557630
2144681932
1365332618
101685069
1898705038
1424775224
1582799284
1645049523
934591746
889081539
956563099
1588347593
196430262
877252928
1163366404
1599378806
1896211675
1068160930
116998115
299774588
1324940694
1499725313
823033482
378064918
100918011
1898708226
1415761386
1023452339
147909455
1185319808
1227411477
3983437
1182518092
445260447
105668506
933739482
1870035671
1688467791
431305357
657143769
430065682
1387868457
98007714
626495944
117637737
1261374118
78391103
2013849412
182051400
195389218
166140352
1506992094
1695114532
989173835
1885057013
1796032543
740398413
1153334751
672001234
888307868
191170911
1899412711
892291306
1373689003
197189510
997959812
159944837
2067225181
538943955
591250195
576885302
969009637
1979118652
674893016
1595505582
2096756389
1936267134
1673896685
1963122153
2118318534
1869285903
2129262506
1477826981
1416916787
970952693
1215400346
1065465682
1711351106
221251449
1737466917
452175327
412422361
1489395980
1344466633
1786111364
1686585491
194942797
1946056202
1606327024
733886753
389822749
35728679
1702896390
221457753
710621695
1150918324
170730494
499405182
677331361
2133852647
470240068
399133617
2115631505
1948067049
1816050404
939100550
1015983747
734032439
502968009
1237235197
324015708
955143336
1649657558
1813411688
152126321
1288285274
1352513531
347069118
1086857828
811356908
1080955871
1476680577
847085587
636368614
1698138330
1557707282
1787286938
1868868824
2057112464
317134652
1855237824
379868885
716268269
1823385681
180452286
384835025
615002584
1196436034
1118867464
1117970593
286187583
1442883172
2073113929
1935845141
1108811213
77756602
1076646767
313841096
424825720
16020948
1125198004
1505781592
1492701525
1972283591
2142150206
1043356208
1382507226
1781953496
764741384
1292136042
2099088148
472495560
1672004927
667872769
148397594
1852457214
1052707795
763400178
901409600
24091611
1881370771
1187597183
1466974784
1807001052
975958676
428302349
1884757654
