100
98943998
2146431568
1196367091
191817197
1078877206
192164504
1064967067
1451664128
423297634
990931916
2049458013
1699348370
213809545
1350152217
1960053202
317847193
1519994528
1778139825
1936087017
433471166
1536119701
1037596119
2056420923
1574880888
258455952
500482644
331632095
2015368766
34071765
151541508
639289880
133015764
150489428
1835656972
324832961
1229366634
2027821476
1389800028
533547114
303635462
233248296
435521479
2002983833
447057841
1785673696
1815553387
764905035
1158184577
1446209564
553508404
1591655743
834845618
1591104524
1500593018
262242858
1849560476
2001075662
593874953
1717445594
2035147428
745416462
209251827
20679544
895905890
2044908799
345512505
2125272525
1925246627
1735312533
511335991
81398442
1968560829
946857471
2084382275
268135022
585047519
1752452014
1033040057
1743232096
1051177930
1586548462
1187404192
1886023548
1030169338
540513562
782758
732246166
394105577
594657712
302208112
281769357
1340074174
511459939
302448901
88496416
408885090
647961406
66285293
186648070
235790291
